550772.000000 0.000000 0.000000 0.000000 0.000000 0.000000 0.000000 0.000000 0.000000 0.000000 0.000000 0.000000 0.000000 0.000000 0.000000 0.000000 0.000000 0.000000 0.000000 0.000000 0.000000 0.000000 0.000000 0.000000 0.000000 0.000000 0.000000 0.000000 0.000000 0.000000 0.000000 0.000000 0.000000 0.000000 0.000000 0.000000 0.000000 0.000000 0.000000 0.000000 0.000000 0.000000 0.000000 0.000000 0.000000 0.000000 0.000000 0.000000 0.000000 0.000000 0.000000 0.000000 0.000000 0.000000 0.000000 0.000000
1906.000000 2978.538825 152.042497 13.787513 262.078174 46.124869 1763.683631 214.184155 222.770724 140.192550 2343.427597 0.271249 0.078174 0.650577 0.000000 0.000000 0.034627 0.000000 0.054565 0.000000 0.000000 0.000000 0.000000 0.000000 0.080797 0.044071 0.023610 0.049843 0.000000 0.000000 0.002623 0.058237 0.001574 0.001049 0.009969 0.000000 0.022036 0.062959 0.028856 0.000525 0.018363 0.000000 0.000000 0.096013 0.012592 0.032004 0.095488 0.084470 0.001574 0.004197 0.000000 0.000000 0.078174 0.054040 0.047744 3.849423
795.000000 3223.967296 174.188679 12.934591 348.739623 68.661635 4601.469182 211.123270 224.789937 146.523270 3945.982390 0.569811 0.000000 0.430189 0.000000 0.000000 0.000000 0.000000 0.000000 0.000000 0.000000 0.000000 0.001258 0.000000 0.000000 0.000000 0.050314 0.000000 0.000000 0.000000 0.011321 0.000000 0.000000 0.006289 0.018868 0.000000 0.035220 0.072956 0.021384 0.000000 0.000000 0.000000 0.000000 0.247799 0.045283 0.000000 0.003774 0.071698 0.000000 0.018868 0.000000 0.000000 0.139623 0.070440 0.184906 4.382390
1789.000000 3051.939072 163.169368 15.135830 275.111794 57.517608 2283.357183 215.178871 226.131917 140.512577 931.818334 0.102851 0.016210 0.880939 0.000000 0.000000 0.015651 0.000000 0.042482 0.000000 0.000000 0.000000 0.000000 0.000000 0.053102 0.021241 0.006708 0.117384 0.000000 0.000000 0.000000 0.007267 0.000000 0.008385 0.006149 0.002795 0.025713 0.083846 0.017887 0.000000 0.000000 0.003354 0.000000 0.034097 0.002236 0.079374 0.115707 0.055897 0.006708 0.035215 0.001118 0.000000 0.091671 0.117384 0.048631 4.121297
298.000000 2850.785235 113.614094 11.184564 192.127517 24.369128 2111.724832 223.359060 223.412752 131.402685 5279.751678 0.855705 0.144295 0.000000 0.000000 0.000000 0.000000 0.000000 0.000000 0.000000 0.000000 0.000000 0.000000 0.000000 0.000000 0.000000 0.140940 0.000000 0.000000 0.000000 0.036913 0.000000 0.191275 0.003356 0.063758 0.000000 0.050336 0.053691 0.016779 0.000000 0.000000 0.000000 0.000000 0.265101 0.073826 0.000000 0.016779 0.026846 0.000000 0.013423 0.000000 0.000000 0.010067 0.013423 0.023490 2.593960
2613.000000 2714.287792 137.147340 17.545350 233.751244 57.242633 635.041332 219.556831 214.331037 121.218140 1578.326827 0.265595 0.069269 0.354382 0.310754 0.011864 0.032530 0.088404 0.087639 0.011481 0.081133 0.000000 0.000000 0.002679 0.107922 0.045924 0.013395 0.024110 0.004975 0.000000 0.008802 0.017604 0.000000 0.000765 0.009950 0.001531 0.030233 0.041715 0.029851 0.000000 0.000000 0.000765 0.001914 0.097206 0.112132 0.009568 0.044776 0.035974 0.000000 0.000000 0.000000 0.000000 0.009185 0.020666 0.015308 3.995790
3301.000000 2454.963344 171.564677 18.289609 156.960012 46.348076 1252.646774 208.101181 218.219025 138.282642 864.561951 0.044229 0.016662 0.332929 0.606180 0.026659 0.083611 0.129961 0.079370 0.012420 0.086640 0.000000 0.000000 0.000909 0.246592 0.019691 0.003029 0.023629 0.020903 0.000000 0.010603 0.089064 0.000000 0.000909 0.007573 0.002121 0.005150 0.026356 0.008482 0.000000 0.000000 0.000000 0.001212 0.011815 0.019388 0.013026 0.017267 0.031506 0.000303 0.000606 0.000000 0.000000 0.006968 0.009694 0.004544 4.205392
677.000000 3115.190547 177.596750 11.305761 253.595273 36.149188 4886.759232 210.301329 228.354505 152.144756 1576.683900 0.890694 0.000000 0.109306 0.000000 0.000000 0.000000 0.000000 0.000000 0.000000 0.000000 0.000000 0.000000 0.000000 0.000000 0.000000 0.007386 0.004431 0.000000 0.000000 0.001477 0.000000 0.000000 0.022157 0.014771 0.000000 0.119645 0.152142 0.010340 0.000000 0.000000 0.000000 0.000000 0.387001 0.085672 0.001477 0.019202 0.025111 0.000000 0.000000 0.000000 0.000000 0.104874 0.028065 0.016248 2.395864
2578.000000 2336.169899 153.546548 20.470908 167.472071 49.469744 529.791699 207.681148 209.383631 127.136540 534.871218 0.089604 0.016292 0.171839 0.722265 0.091544 0.064391 0.117145 0.061288 0.036462 0.058960 0.000000 0.000000 0.000000 0.297905 0.034135 0.000000 0.005043 0.033747 0.000000 0.009697 0.057409 0.000000 0.000388 0.002715 0.000000 0.003491 0.004655 0.001552 0.000000 0.000000 0.000000 0.000000 0.014352 0.070597 0.004267 0.009697 0.010085 0.000776 0.000000 0.000000 0.000000 0.006982 0.000000 0.002715 4.148565
1163.000000 3174.769561 149.728289 13.656922 323.866724 55.924334 3193.098022 215.025795 224.891660 141.349097 2218.511608 0.441960 0.000000 0.558040 0.000000 0.000000 0.001720 0.000000 0.012038 0.000000 0.000000 0.000000 0.000000 0.000000 0.024936 0.009458 0.032674 0.012038 0.000000 0.000000 0.004299 0.000000 0.000000 0.001720 0.006019 0.000000 0.024076 0.087704 0.026655 0.000000 0.016337 0.006019 0.000000 0.153912 0.036113 0.042132 0.069647 0.042132 0.003439 0.008598 0.006879 0.029235 0.141874 0.153912 0.046432 4.190026
